Price

**DARKRED**
จาก \ ไป,ตลิ่งชัน,บางบำหรุ,บางซ่อน,กรุงเทพอภิวัฒน์,จตุจักร,วัดเสมียนนารี,บางเขน,ทุ่งสองห้อง,หลักสี่,การเคหะ,ดอนเมือง,หลักหก,รังสิต
ตลิ่งชัน,12,18,29,35,38,41,42,42,42,42,42,42,42
บางบำหรุ,18,12,23,29,32,35,37,39,42,42,42,42,42
บางซ่อน,29,23,12,18,22,25,26,29,33,36,39,42,42
กรุงเทพอภิวัฒน์,35,29,18,12,16,19,20,23,27,30,33,42,42
จตุจักร,38,32,22,16,12,15,17,19,23,26,29,38,42
วัดเสมียนนารี,41,35,25,19,15,12,14,16,20,23,26,35,40
บางเขน,42,37,26,20,17,14,12,14,19,22,25,34,38
ทุ่งสองห้อง,42,39,29,23,19,16,14,12,17,20,23,32,36
หลักสี่,42,42,33,27,23,20,19,17,12,15,18,27,32
การเคหะ,42,42,36,30,26,23,22,20,15,12,15,24,29
ดอนเมือง,42,42,39,33,29,26,25,23,18,15,12,21,26
หลักหก,42,42,42,42,38,35,34,32,27,24,21,12,17
รังสิต,42,42,42,42,42,40,38,36,32,29,26,17,12

**ARL**
จาก \ ไป,พญาไท,ราชปรารภ,มักกะสัน,รามคำแหง,หัวหมาก,บ้านทับช้าง,ลาดกระบัง,สุวรรณภูมิ
พญาไท,15,15,20,25,30,35,40,45
ราชปรารภ,15,15,15,20,25,30,35,40
มักกะสัน,20,15,15,15,20,25,30,35
รามคำแหง,25,20,15,15,15,20,25,30
หัวหมาก,30,25,20,15,15,15,20,25
บ้านทับช้าง,35,30,25,20,15,15,15,20
ลาดกระบัง,40,35,30,25,20,15,15,15
สุวรรณภูมิ,45,40,35,30,25,20,15,15

**PURPLE**
จาก \ ไป,คลองบางไผ่,ตลาดบางใหญ่,สามแยกบางใหญ่,บางพลู,บางรักใหญ่,บางรักน้อยท่าอิฐ,ไทรม้า,สะพานพระนั่งเกล้า,แยกนนทบุรี 1,บางกระสอ,ศูนย์ราชการนนทบุรี,กระทรวงสาธารณสุข,แยกติวานนท์,วงศ์สว่าง,บางซ่อน,เตาปูน
PP01 คลองบางไผ่,14,14,17,20,23,25,27,30,33,36,38,40,42,42,42,42
PP02 ตลาดบางใหญ่,17,14,14,17,20,22,24,27,30,33,35,37,40,42,42,42
PP03 สามแยกบางใหญ่,20,17,14,14,17,19,21,24,27,30,32,34,37,39,42,42
PP04 บางพลู,23,20,17,14,14,16,18,21,24,27,29,31,34,36,39,42
PP05 บางรักใหญ่,25,22,19,16,14,14,16,19,22,25,27,29,32,34,37,40
PP06 บางรักน้อยท่าอิฐ,27,24,21,18,16,14,14,17,20,23,25,27,30,32,35,38
PP07 ไทรม้า,30,27,24,21,19,17,14,14,17,20,22,24,27,29,32,35
PP08 สะพานพระนั่งเกล้า,33,30,27,24,22,20,17,14,14,17,19,21,24,26,29,32
PP09 แยกนนทบุรี 1,36,33,30,27,25,23,20,17,14,14,16,18,21,23,26,29
PP10 บางกระสอ,38,35,32,29,27,25,22,19,16,14,14,16,19,21,24,27
PP11 ศูนย์ราชการนนทบุรี,40,37,34,31,29,27,24,21,18,16,14,14,17,19,22,25
PP12 กระทรวงสาธารณสุข,42,40,37,34,32,30,27,24,21,19,17,14,14,16,19,22
PP13 แยกติวานนท์,42,42,39,36,34,32,29,26,23,21,19,17,14,14,17,20
PP14 วงศ์สว่าง,42,42,42,39,37,35,32,29,26,24,22,19,17,14,14,17
PP15 บางซ่อน,42,42,42,42,40,38,35,32,29,27,25,22,20,17,14,14
PP16 เตาปูน,42,42,42,42,42,41,38,35,32,30,28,25,23,20,17,16

**BLUE LINE**
จาก \ ไป,เตาปูน,บางซื่อ,กำแพงเพชร,สวนจตุจักร,พหลโยธิน,ลาดพร้าว,รัชดาภิเษก,สุทธิสาร,ห้วยขวาง,ศูนย์วัฒนธรรมแห่งประเทศไทย,พระราม 9,เพชรบุรี,สุขุมวิท,ศูนย์การประชุมแห่งชาติสิริกิติ์,คลองเตย,ลุมพินี,สีลม,สามย่าน,หัวลำโพง,วัดมังกร,สามยอด,สนามไชย,อิสรภาพ,ท่าพระ,บางไผ่,บางหว้า,เพชรเกษม 48,ภาษีเจริญ,บางแค,หลักสอง,บางโพ,บางอ้อ,บางพลัด,สิรินธร,บางยี่ขัน,บางขุนนนท์,ไฟฉาย,จรัญฯ 13
เตาปูน,17,17,20,22,25,27,30,32,35,37,40,42,45,45,45,45,45,45,45,45,45,45,45,45,45,45,45,42,40,37,35,32,30,27,25,22,20,17
บางซื่อ,17,17,17,20,22,25,27,30,32,35,37,40,42,45,45,45,45,45,45,45,45,45,45,45,45,45,45,45,42,40,37,35,32,30,27,25,22,20
กำแพงเพชร,20,17,17,17,20,22,25,27,30,32,35,37,40,42,45,45,45,45,45,45,45,45,45,45,45,45,45,45,45,42,40,37,35,32,30,27,25,22
สวนจตุจักร,22,20,17,17,17,20,22,25,27,30,32,35,37,40,42,45,45,45,45,45,45,45,45,45,45,45,45,45,45,45,42,40,37,35,32,30,27,25
พหลโยธิน,25,22,20,17,17,17,20,22,25,27,30,32,35,37,40,42,45,45,45,45,45,45,45,45,45,45,45,45,45,45,45,42,40,37,35,32,30,27
ลาดพร้าว,27,25,22,20,17,17,17,20,22,25,27,30,32,35,37,40,42,45,45,45,45,45,45,45,45,45,45,45,45,45,45,45,42,40,37,35,32,30
รัชดาภิเษก,30,27,25,22,20,17,17,17,20,22,25,27,30,32,35,37,40,42,45,45,45,45,45,45,45,45,45,45,45,45,45,45,45,42,40,37,35,32
สุทธิสาร,32,30,27,25,22,20,17,17,17,20,22,25,27,30,32,35,37,40,42,45,45,45,45,45,45,45,45,45,45,45,45,45,45,45,42,40,37,35
ห้วยขวาง,35,32,30,27,25,22,20,17,17,17,20,22,25,27,30,32,35,37,40,42,45,45,45,45,45,45,45,45,45,45,45,45,45,45,45,42,40,37
ศูนย์วัฒนธรรมแห่งประเทศไทย,37,35,32,30,27,25,22,20,17,17,17,20,22,25,27,30,32,35,37,40,42,45,45,45,45,45,45,45,45,45,45,45,45,45,45,45,42,40
พระราม 9,40,37,35,32,30,27,25,22,20,17,17,17,20,22,25,27,30,32,35,37,40,42,45,45,45,45,45,45,45,45,45,45,45,45,45,45,45,42
เพชรบุรี,42,40,37,35,32,30,27,25,22,20,17,17,17,20,22,25,27,30,32,35,37,40,42,45,45,45,45,45,45,45,45,45,45,45,45,45,45,45
สุขุมวิท,45,42,40,37,35,32,30,27,25,22,20,17,17,17,20,22,25,27,30,32,35,37,40,42,45,45,45,45,45,45,45,45,45,45,45,45,45,45
ศูนย์การประชุมแห่งชาติสิริกิติ์,45,45,42,40,37,35,32,30,27,25,22,20,17,17,17,20,22,25,27,30,32,35,37,40,42,45,45,45,45,45,45,45,45,45,45,45,45,45
คลองเตย,45,45,45,42,40,37,35,32,30,27,25,22,20,17,17,17,20,22,25,27,30,32,35,37,40,42,45,45,45,45,45,45,45,45,45,45,45,45
ลุมพินี,45,45,45,45,42,40,37,35,32,30,27,25,22,20,17,17,17,20,22,25,27,30,32,35,37,40,42,45,45,45,45,45,45,45,45,45,45,45
สีลม,45,45,45,45,45,42,40,37,35,32,30,27,25,22,20,17,17,17,20,22,25,27,30,32,35,37,40,42,45,45,45,45,45,45,45,45,45,45
สามย่าน,45,45,45,45,45,45,42,40,37,35,32,30,27,25,22,20,17,17,17,20,22,25,27,30,32,35,37,40,42,45,45,45,45,45,45,45,45,45
หัวลำโพง,45,45,45,45,45,45,45,42,40,37,35,32,30,27,25,22,20,17,17,17,20,22,25,27,30,32,35,37,40,42,45,45,45,45,45,45,45,45
วัดมังกร,45,45,45,45,45,45,45,45,42,40,37,35,32,30,27,25,22,20,17,17,17,20,22,25,27,30,32,35,37,40,42,45,45,45,45,45,45,45
สามยอด,45,45,45,45,45,45,45,45,45,42,40,37,35,32,30,27,25,22,20,17,17,17,20,22,25,27,30,32,35,37,40,42,45,45,45,45,45,45
สนามไชย,45,45,45,45,45,45,45,45,45,45,42,40,37,35,32,30,27,25,22,20,17,17,17,20,22,25,27,30,32,35,37,40,42,45,45,45,45,45
อิสรภาพ,45,45,45,45,45,45,45,45,45,45,45,42,40,37,35,32,30,27,25,22,20,17,17,17,20,22,25,27,30,32,35,37,40,42,45,45,45,45
ท่าพระ,45,45,45,45,45,45,45,45,45,45,45,45,42,40,37,35,32,30,27,25,22,20,17,17,17,20,22,25,27,30,32,35,37,40,42,45,45,45
บางไผ่,45,45,45,45,45,45,45,45,45,45,45,45,45,42,40,37,35,32,30,27,25,22,20,17,17,17,20,22,25,27,30,32,35,37,40,42,45,45
บางหว้า,45,45,45,45,45,45,45,45,45,45,45,45,45,45,42,40,37,35,32,30,27,25,22,20,17,17,17,20,22,25,27,30,32,35,37,40,42,45
เพชรเกษม 48,45,45,45,45,45,45,45,45,45,45,45,45,45,45,45,42,40,37,35,32,30,27,25,22,20,17,17,17,20,22,25,27,30,32,35,37,40,42
ภาษีเจริญ,42,45,45,45,45,45,45,45,45,45,45,45,45,45,45,45,42,40,37,35,32,30,27,25,22,20,17,17,17,20,22,25,27,30,32,35,37,40
บางแค,40,42,45,45,45,45,45,45,45,45,45,45,45,45,45,45,45,42,40,37,35,32,30,27,25,22,20,17,17,17,20,22,25,27,30,32,35,37
หลักสอง,37,40,42,45,45,45,45,45,45,45,45,45,45,45,45,45,45,45,42,40,37,35,32,30,27,25,22,20,17,17,17,20,22,25,27,30,32,35
บางโพ,35,37,40,42,45,45,45,45,45,45,45,45,45,45,45,45,45,45,45,42,40,37,35,32,30,27,25,22,20,17,17,17,20,22,25,27,30,32
บางอ้อ,32,35,37,40,42,45,45,45,45,45,45,45,45,45,45,45,45,45,45,45,42,40,37,35,32,30,27,25,22,20,17,17,17,20,22,25,27,30
บางพลัด,30,32,35,37,40,42,45,45,45,45,45,45,45,45,45,45,45,45,45,45,45,42,40,37,35,32,30,27,25,22,20,17,17,17,20,22,25,27
สิรินธร,27,30,32,35,37,40,42,45,45,45,45,45,45,45,45,45,45,45,45,45,45,45,42,40,37,35,32,30,27,25,22,20,17,17,17,20,22,25
บางยี่ขัน,25,27,30,32,35,37,40,42,45,45,45,45,45,45,45,45,45,45,45,45,45,45,45,42,40,37,35,32,30,27,25,22,20,17,17,17,20,22
บางขุนนนท์,22,25,27,30,32,35,37,40,42,45,45,45,45,45,45,45,45,45,45,45,45,45,45,45,42,40,37,35,32,30,27,25,22,20,17,17,17,20
ไฟฉาย,20,22,25,27,30,32,35,37,40,42,45,45,45,45,45,45,45,45,45,45,45,45,45,45,45,42,40,37,35,32,30,27,25,22,20,17,17,17
จรัญฯ 13,17,20,22,25,27,30,32,35,37,40,42,45,45,45,45,45,45,45,45,45,45,45,45,45,45,45,42,40,37,35,32,30,27,25,22,20,17,17

**BTS lightgreen + darkgreen**
จาก \ ไป,N24,N23,N22,N21,N20,N19,N18,N17,N16,N15,N14,N13,N12,N11,N10,N9,N8,N7,N5,N4,N3,N2,N1,CEN,E1,E2,E3,E4,E5,E6,E7,E8,E9,E10,E11,E12,E13,E14,E15,E16,E17,E18,E19,E20,E21,E22,E23,W1,S1,S2,S3,S4,S5,S6,S7,S8,S9,S10,S11,S12
N24,17,17,20,23,25,27,30,33,36,38,40,42,45,45,45,45,45,62,65,65,65,65,65,65,65,65,65,65,65,65,65,65,65,65,65,65,65,65,65,65,65,65,65,65,65,65,65,65,65,65,65,65,65,65,65,65,65,65,65,65
N23,17,17,17,20,23,25,27,30,33,36,38,40,42,45,45,45,45,62,65,65,65,65,65,65,65,65,65,65,65,65,65,65,65,65,65,65,65,65,65,65,65,65,65,65,65,65,65,65,65,65,65,65,65,65,65,65,65,65,65,65
N22,20,17,17,17,20,23,25,27,30,33,36,38,40,42,45,45,45,62,65,65,65,65,65,65,65,65,65,65,65,65,65,65,65,65,65,65,65,65,65,65,65,65,65,65,65,65,65,65,65,65,65,65,65,65,65,65,65,65,65,65
N21,23,20,17,17,17,20,23,25,27,30,33,36,38,40,42,45,45,62,65,65,65,65,65,65,65,65,65,65,65,65,65,65,65,65,65,65,65,65,65,65,65,65,65,65,65,65,65,65,65,65,65,65,65,65,65,65,65,65,65,65
N20,25,23,20,17,17,17,20,23,25,27,30,33,36,38,40,42,45,62,65,65,65,65,65,65,65,65,65,65,65,65,65,65,65,65,65,65,65,65,65,65,65,65,65,65,65,65,65,65,65,65,65,65,65,65,65,65,65,65,65,65
N19,27,25,23,20,17,17,17,20,23,25,27,30,33,36,38,40,42,59,65,65,65,65,65,65,65,65,65,65,65,65,65,65,65,65,65,65,65,65,65,65,65,65,65,65,65,65,65,65,65,65,65,65,65,65,65,65,65,65,65,65
N18,30,27,25,23,20,17,17,17,20,23,25,27,30,33,36,38,40,57,65,65,65,65,65,65,65,65,65,65,65,65,65,65,65,65,65,65,65,65,65,65,65,65,65,65,65,65,65,65,65,65,65,65,65,65,65,65,65,65,65,65
N17,33,30,27,25,23,20,17,17,17,20,23,25,27,30,33,36,38,55,63,65,65,65,65,65,65,65,65,65,65,65,65,65,65,65,65,65,65,65,65,65,65,65,65,65,65,65,65,65,65,65,65,65,65,65,65,65,65,65,65,65
N16,36,33,30,27,25,23,20,17,17,17,20,23,25,27,30,33,36,53,61,64,65,65,65,65,65,65,65,65,65,65,65,65,65,65,65,65,65,65,65,65,65,65,65,65,65,65,65,65,65,65,65,65,65,65,65,65,65,65,65,65
N15,38,36,33,30,27,25,23,20,17,17,17,20,23,25,27,30,33,50,58,61,65,65,65,65,65,65,65,65,65,65,65,65,65,65,65,65,65,65,65,65,65,65,65,65,65,65,65,65,65,65,65,65,65,65,65,65,65,65,65,65
N14,40,38,36,33,30,27,25,23,20,17,17,17,20,23,25,27,30,47,55,58,62,65,65,65,65,65,65,65,65,65,65,65,65,65,65,65,65,65,65,65,65,65,65,65,65,65,65,65,65,65,65,65,65,65,65,65,65,65,65,65
N13,42,40,38,36,33,30,27,25,23,20,17,17,17,20,23,25,27,44,52,55,59,62,65,65,65,65,65,65,65,65,65,65,65,65,65,65,65,65,65,65,65,65,65,65,65,65,65,65,65,65,65,65,65,65,65,65,65,65,65,65
N12,45,42,40,38,36,33,30,27,25,23,20,17,17,17,20,23,25,42,50,53,57,60,65,65,65,65,65,65,65,65,65,65,65,65,65,65,65,65,65,65,65,65,65,65,65,65,65,65,65,65,65,65,65,65,65,65,65,65,65,65
N11,45,45,42,40,38,36,33,30,27,25,23,20,17,17,17,20,23,40,48,51,55,58,63,65,65,65,65,65,65,65,65,65,65,65,65,65,65,65,65,65,65,65,65,65,65,65,65,65,65,65,65,65,65,65,65,65,65,65,65,65
N10,45,45,45,42,40,38,36,33,30,27,25,23,20,17,17,17,20,37,45,48,52,55,60,63,65,65,65,65,65,65,65,65,65,65,65,65,65,65,65,65,65,65,65,65,65,65,65,65,65,65,65,65,65,65,65,65,65,65,65,65
N9,45,45,45,45,42,40,38,36,33,30,27,25,23,20,17,17,17,34,42,45,49,52,57,60,64,64,64,64,64,64,64,64,64,65,65,65,65,65,65,65,65,65,65,65,65,65,65,64,64,64,64,64,64,64,64,65,65,65,65,65
N8,45,45,45,45,45,42,40,38,36,33,30,27,25,23,20,17,17,17,25,28,32,35,40,43,47,47,47,47,47,47,47,47,47,64,65,65,65,65,65,65,65,65,65,65,65,65,65,47,47,47,47,47,47,47,47,64,65,65,65,65
N7,62,62,62,62,62,59,57,55,53,50,47,44,42,40,37,34,17,17,17,25,28,32,35,40,43,47,47,47,47,47,47,47,47,64,65,65,65,65,65,65,65,65,65,65,65,65,65,43,43,47,47,47,47,47,47,64,65,65,65,65
N5,65,65,65,65,65,65,65,63,61,58,55,52,50,48,45,42,25,17,17,17,25,28,32,35,40,43,47,47,47,47,47,47,47,64,65,65,65,65,65,65,65,65,65,65,65,65,65,40,40,43,47,47,47,47,47,64,65,65,65,65
N4,65,65,65,65,65,65,65,65,64,61,58,55,53,51,48,45,28,25,17,17,17,25,28,32,35,40,43,47,47,47,47,47,47,64,65,65,65,65,65,65,65,65,65,65,65,65,65,35,35,40,43,47,47,47,47,64,65,65,65,65
N3,65,65,65,65,65,65,65,65,65,65,62,59,57,55,52,49,32,28,25,17,17,17,25,28,32,35,40,43,47,47,47,47,47,64,65,65,65,65,65,65,65,65,65,65,65,65,65,32,32,35,40,43,47,47,47,64,65,65,65,65
N2,65,65,65,65,65,65,65,65,65,65,65,62,60,58,55,52,35,32,28,25,17,17,17,25,28,32,35,40,43,47,47,47,47,64,65,65,65,65,65,65,65,65,65,65,65,65,65,28,28,32,35,40,43,47,47,64,65,65,65,65
N1,65,65,65,65,65,65,65,65,65,65,65,65,65,63,60,57,40,35,32,28,25,17,17,17,25,28,32,35,40,43,47,47,47,64,65,65,65,65,65,65,65,65,65,65,65,65,65,25,25,28,32,35,40,43,47,64,65,65,65,65
CEN,65,65,65,65,65,65,65,65,65,65,65,65,65,65,63,60,43,40,35,32,28,25,17,17,17,25,28,32,35,40,43,47,47,64,65,65,65,65,65,65,65,65,65,65,65,65,65,17,17,25,28,32,35,40,43,60,63,65,65,65
E1,65,65,65,65,65,65,65,65,65,65,65,65,65,65,65,64,47,43,40,35,32,28,25,17,17,17,25,28,32,35,40,43,47,64,65,65,65,65,65,65,65,65,65,65,65,65,65,25,25,28,32,35,40,43,47,64,65,65,65,65
E2,65,65,65,65,65,65,65,65,65,65,65,65,65,65,65,64,47,47,43,40,35,32,28,25,17,17,17,25,28,32,35,40,43,60,63,65,65,65,65,65,65,65,65,65,65,65,65,28,28,32,35,40,43,47,47,64,65,65,65,65
E3,65,65,65,65,65,65,65,65,65,65,65,65,65,65,65,64,47,47,47,43,40,35,32,28,25,17,17,17,25,28,32,35,40,57,60,63,65,65,65,65,65,65,65,65,65,65,65,32,32,35,40,43,47,47,47,64,65,65,65,65
E4,65,65,65,65,65,65,65,65,65,65,65,65,65,65,65,64,47,47,47,47,43,40,35,32,28,25,17,17,17,25,28,32,35,52,55,58,60,62,65,65,65,65,65,65,65,65,65,35,35,40,43,47,47,47,47,64,65,65,65,65
E5,65,65,65,65,65,65,65,65,65,65,65,65,65,65,65,64,47,47,47,47,47,43,40,35,32,28,25,17,17,17,25,28,32,49,52,55,57,59,62,65,65,65,65,65,65,65,65,40,40,43,47,47,47,47,47,64,65,65,65,65
E6,65,65,65,65,65,65,65,65,65,65,65,65,65,65,65,64,47,47,47,47,47,47,43,40,35,32,28,25,17,17,17,25,28,45,48,51,53,55,58,61,64,65,65,65,65,65,65,43,43,47,47,47,47,47,47,64,65,65,65,65
E7,65,65,65,65,65,65,65,65,65,65,65,65,65,65,65,64,47,47,47,47,47,47,47,43,40,35,32,28,25,17,17,17,25,42,45,48,50,52,55,58,61,63,65,65,65,65,65,47,47,47,47,47,47,47,47,64,65,65,65,65
E8,65,65,65,65,65,65,65,65,65,65,65,65,65,65,65,64,47,47,47,47,47,47,47,47,43,40,35,32,28,25,17,17,17,34,37,40,42,44,47,50,53,55,57,59,62,62,62,47,47,47,47,47,47,47,47,64,65,65,65,65
E9,65,65,65,65,65,65,65,65,65,65,65,65,65,65,65,64,47,47,47,47,47,47,47,47,47,43,40,35,32,28,25,17,17,17,20,23,25,27,30,33,36,38,40,42,45,45,45,47,47,47,47,47,47,47,47,64,65,65,65,65
E10,65,65,65,65,65,65,65,65,65,65,65,65,65,65,65,65,64,64,64,64,64,64,64,64,64,60,57,52,49,45,42,34,17,17,17,20,23,25,27,30,33,36,38,40,42,45,45,64,64,64,64,64,64,64,64,65,65,65,65,65
E11,65,65,65,65,65,65,65,65,65,65,65,65,65,65,65,65,65,65,65,65,65,65,65,65,65,63,60,55,52,48,45,37,20,17,17,17,20,23,25,27,30,33,36,38,40,42,45,65,65,65,65,65,65,65,65,65,65,65,65,65
E12,65,65,65,65,65,65,65,65,65,65,65,65,65,65,65,65,65,65,65,65,65,65,65,65,65,65,63,58,55,51,48,40,23,20,17,17,17,20,23,25,27,30,33,36,38,40,42,65,65,65,65,65,65,65,65,65,65,65,65,65
E13,65,65,65,65,65,65,65,65,65,65,65,65,65,65,65,65,65,65,65,65,65,65,65,65,65,65,65,60,57,53,50,42,25,23,20,17,17,17,20,23,25,27,30,33,36,38,40,65,65,65,65,65,65,65,65,65,65,65,65,65
E14,65,65,65,65,65,65,65,65,65,65,65,65,65,65,65,65,65,65,65,65,65,65,65,65,65,65,65,62,59,55,52,44,27,25,23,20,17,17,17,20,23,25,27,30,33,36,38,65,65,65,65,65,65,65,65,65,65,65,65,65
E15,65,65,65,65,65,65,65,65,65,65,65,65,65,65,65,65,65,65,65,65,65,65,65,65,65,65,65,65,62,58,55,47,30,27,25,23,20,17,17,17,20,23,25,27,30,33,36,65,65,65,65,65,65,65,65,65,65,65,65,65
E16,65,65,65,65,65,65,65,65,65,65,65,65,65,65,65,65,65,65,65,65,65,65,65,65,65,65,65,65,65,61,58,50,33,30,27,25,23,20,17,17,17,20,23,25,27,30,33,65,65,65,65,65,65,65,65,65,65,65,65,65
E17,65,65,65,65,65,65,65,65,65,65,65,65,65,65,65,65,65,65,65,65,65,65,65,65,65,65,65,65,65,64,61,53,36,33,30,27,25,23,20,17,17,17,20,23,25,27,30,65,65,65,65,65,65,65,65,65,65,65,65,65
E18,65,65,65,65,65,65,65,65,65,65,65,65,65,65,65,65,65,65,65,65,65,65,65,65,65,65,65,65,65,65,63,55,38,36,33,30,27,25,23,20,17,17,17,20,23,25,27,65,65,65,65,65,65,65,65,65,65,65,65,65
E19,65,65,65,65,65,65,65,65,65,65,65,65,65,65,65,65,65,65,65,65,65,65,65,65,65,65,65,65,65,65,65,57,40,38,36,33,30,27,25,23,20,17,17,17,20,23,25,65,65,65,65,65,65,65,65,65,65,65,65,65
E20,65,65,65,65,65,65,65,65,65,65,65,65,65,65,65,65,65,65,65,65,65,65,65,65,65,65,65,65,65,65,65,59,42,40,38,36,33,30,27,25,23,20,17,17,17,20,23,65,65,65,65,65,65,65,65,65,65,65,65,65
E21,65,65,65,65,65,65,65,65,65,65,65,65,65,65,65,65,65,65,65,65,65,65,65,65,65,65,65,65,65,65,65,62,45,42,40,38,36,33,30,27,25,23,20,17,17,17,20,65,65,65,65,65,65,65,65,65,65,65,65,65
E22,65,65,65,65,65,65,65,65,65,65,65,65,65,65,65,65,65,65,65,65,65,65,65,65,65,65,65,65,65,65,65,62,45,45,42,40,38,36,33,30,27,25,23,20,17,17,17,65,65,65,65,65,65,65,65,65,65,65,65,65
E23,65,65,65,65,65,65,65,65,65,65,65,65,65,65,65,65,65,65,65,65,65,65,65,65,65,65,65,65,65,65,65,62,45,45,45,42,40,38,36,33,30,27,25,23,20,17,17,65,65,65,65,65,65,65,65,65,65,65,65,65
W1,65,65,65,65,65,65,65,65,65,65,65,65,65,65,65,64,47,43,40,35,32,28,25,17,25,28,32,35,40,43,47,47,47,64,65,65,65,65,65,65,65,65,65,65,65,65,65,17,25,28,32,35,40,43,47,64,65,65,65,65
S1,65,65,65,65,65,65,65,65,65,65,65,65,65,65,65,64,47,43,40,35,32,28,25,17,25,28,32,35,40,43,47,47,47,64,65,65,65,65,65,65,65,65,65,65,65,65,65,25,17,17,25,28,32,35,40,57,60,63,65,65
S2,65,65,65,65,65,65,65,65,65,65,65,65,65,65,65,64,47,47,43,40,35,32,28,25,28,32,35,40,43,47,47,47,47,64,65,65,65,65,65,65,65,65,65,65,65,65,65,28,17,17,17,25,28,32,35,52,55,58,60,62
S3,65,65,65,65,65,65,65,65,65,65,65,65,65,65,65,64,47,47,47,43,40,35,32,28,32,35,40,43,47,47,47,47,47,64,65,65,65,65,65,65,65,65,65,65,65,65,65,32,25,17,17,17,25,28,32,49,52,55,57,59
S4,65,65,65,65,65,65,65,65,65,65,65,65,65,65,65,64,47,47,47,47,43,40,35,32,35,40,43,47,47,47,47,47,47,64,65,65,65,65,65,65,65,65,65,65,65,65,65,35,28,25,17,17,17,25,28,45,48,51,53,55
S5,65,65,65,65,65,65,65,65,65,65,65,65,65,65,65,64,47,47,47,47,47,43,40,35,40,43,47,47,47,47,47,47,47,64,65,65,65,65,65,65,65,65,65,65,65,65,65,40,32,28,25,17,17,17,25,42,45,48,50,52
S6,65,65,65,65,65,65,65,65,65,65,65,65,65,65,65,64,47,47,47,47,47,47,43,40,43,47,47,47,47,47,47,47,47,64,65,65,65,65,65,65,65,65,65,65,65,65,65,43,35,32,28,25,17,17,17,34,37,40,42,44
S7,65,65,65,65,65,65,65,65,65,65,65,65,65,65,65,64,47,47,47,47,47,47,47,43,47,47,47,47,47,47,47,47,47,64,65,65,65,65,65,65,65,65,65,65,65,65,65,47,40,35,32,28,25,17,17,17,20,23,25,27
S8,65,65,65,65,65,65,65,65,65,65,65,65,65,65,65,65,64,64,64,64,64,64,64,60,64,64,64,64,64,64,64,64,64,65,65,65,65,65,65,65,65,65,65,65,65,65,65,64,57,52,49,45,42,34,17,17,17,20,23,25
S9,65,65,65,65,65,65,65,65,65,65,65,65,65,65,65,65,65,65,65,65,65,65,65,63,65,65,65,65,65,65,65,65,65,65,65,65,65,65,65,65,65,65,65,65,65,65,65,65,60,55,52,48,45,37,20,17,17,17,20,23
S10,65,65,65,65,65,65,65,65,65,65,65,65,65,65,65,65,65,65,65,65,65,65,65,65,65,65,65,65,65,65,65,65,65,65,65,65,65,65,65,65,65,65,65,65,65,65,65,65,63,58,55,51,48,40,23,20,17,17,17,20
S11,65,65,65,65,65,65,65,65,65,65,65,65,65,65,65,65,65,65,65,65,65,65,65,65,65,65,65,65,65,65,65,65,65,65,65,65,65,65,65,65,65,65,65,65,65,65,65,65,65,60,57,53,50,42,25,23,20,17,17,17
S12,65,65,65,65,65,65,65,65,65,65,65,65,65,65,65,65,65,65,65,65,65,65,65,65,65,65,65,65,65,65,65,65,65,65,65,65,65,65,65,65,65,65,65,65,65,65,65,65,65,62,59,55,52,44,27,25,23,20,17,17

**YELLOW**
จาก \ ไป,ลาดพร้าว,ภาวนา,โชคชัย 4,ลาดพร้าว 71,ลาดพร้าว 83,มหาดไทย,ลาดพร้าว 101,บางกะปิ,แยกลำสาลี,ศรีกรีฑา,หัวหมาก,กลันตัน,ศรีนุช,ศรีนครินทร์ 38,สวนหลวง ร.9,ศรีอุดม,ศรีเอี่ยม,ศรีลาซาล,ศรีแบริ่ง,ศรีด่าน,ศรีเทพา,ทิพวัล,สำโรง
YL01 ลาดพร้าว,15,19,23,27,30,33,36,39,42,45,45,45,45,45,45,45,45,45,45,45,45,45,45
YL02 ภาวนา,19,15,19,24,26,29,31,36,39,42,45,45,45,45,45,45,45,45,45,45,45,45,45
YL03 โชคชัย 4,23,19,15,21,23,26,28,31,35,39,43,45,45,45,45,45,45,45,45,45,45,45,45
YL04 ลาดพร้าว 71,27,24,21,15,18,22,24,27,30,33,38,42,45,45,45,45,45,45,45,45,45,45,45
YL05 ลาดพร้าว 83,30,26,23,18,15,19,22,25,28,31,36,40,44,45,45,45,45,45,45,45,45,45,45
YL06 มหาดไทย,33,29,26,22,19,15,18,22,25,28,32,37,41,44,45,45,45,45,45,45,45,45,45
YL07 ลาดพร้าว 101,36,31,28,24,22,18,15,19,23,26,30,33,39,42,45,45,45,45,45,45,45,45,45
YL08 บางกะปิ,39,36,31,27,25,22,19,15,18,23,27,30,35,38,41,45,45,45,45,45,45,45,45
YL09 แยกลำสาลี,42,39,35,30,28,25,23,18,15,19,24,27,31,35,38,42,45,45,45,45,45,45,45
YL10 ศรีกรีฑา,45,42,39,33,31,28,26,23,19,15,21,24,28,31,35,39,42,45,45,45,45,45,45
YL11 หัวหมาก,45,45,43,38,36,32,30,27,24,21,15,19,24,27,30,35,38,41,45,45,45,45,45
YL12 กลันตัน,45,45,45,42,40,37,33,30,27,24,19,15,21,24,27,31,33,38,42,45,45,45,45
YL13 ศรีนุช,45,45,45,45,44,41,39,35,31,28,24,21,15,18,22,27,29,33,38,41,44,45,45
YL14 ศรีนครินทร์ 38,45,45,45,45,45,44,42,38,35,31,27,24,18,15,18,24,26,30,35,38,41,45,45
YL15 สวนหลวง ร.9,45,45,45,45,45,45,45,41,38,35,30,27,22,18,15,21,23,27,31,35,38,42,45
YL16 ศรีอุดม,45,45,45,45,45,45,45,45,42,39,35,31,27,24,21,15,18,23,27,30,33,38,43
YL17 ศรีเอี่ยม,45,45,45,45,45,45,45,45,45,42,38,33,29,26,23,18,15,19,24,28,30,36,40
YL18 ศรีลาซาล,45,45,45,45,45,45,45,45,45,45,41,38,33,30,27,23,19,15,19,24,27,31,36
YL19 ศรีแบริ่ง,45,45,45,45,45,45,45,45,45,45,45,42,38,35,31,27,24,19,15,19,23,27,32
YL20 ศรีด่าน,45,45,45,45,45,45,45,45,45,45,45,45,41,38,35,30,28,24,19,15,18,24,28
YL21 ศรีเทพา,45,45,45,45,45,45,45,45,45,45,45,45,44,41,38,33,30,27,23,18,15,21,25
YL22 ทิพวัล,45,45,45,45,45,45,45,45,45,45,45,45,45,45,42,38,36,31,27,24,21,15,21
YL23 สำโรง,45,45,45,45,45,45,45,45,45,45,45,45,45,45,45,43,40,36,32,28,25,21,15

**PINK**
จาก \ ไป,ศูนย์ราชการนนทบุรี,แคราย,สนามบินน้ำ,สามัคคี,กรมชลประทาน,แยกปากเกร็ด,เลี่ยงเมืองปากเกร็ด,แจ้งวัฒนะ-ปากเกร็ด 28,ศรีรัช,เมืองทองธานี,แจ้งวัฒนะ 14,ศูนย์ราชการเฉลิมพระเกียรติ,โทรคมนาคมแห่งชาติ,หลักสี่,ราชภัฏพระนคร,วัดพระศรีมหาธาตุ,รามอินทรา 3,ลาดปลาเค้า,รามอินทรา กม.4,มัยลาภ,วัชรพล,รามอินทรา กม.6,คู้บอน,รามอินทรา กม.9,วงแหวนรามอินทรา,นพรัตน์,บางชัน,เศรษฐบุตรบำเพ็ญ,ตลาดมีนบุรี,มีนบุรี
PK01 ศูนย์ราชการนนทบุรี,15,18,23,28,30,34,37,41,44,45,45,45,45,45,45,45,45,45,45,45,45,45,45,45,45,45,45,45,45,45
PK02 แคราย,18,15,19,25,28,30,34,38,41,44,45,45,45,45,45,45,45,45,45,45,45,45,45,45,45,45,45,45,45,45
PK03 สนามบินน้ำ,23,19,15,21,24,26,29,34,38,40,44,45,45,45,45,45,45,45,45,45,45,45,45,45,45,45,45,45,45,45
PK04 สามัคคี,28,25,21,15,18,22,25,29,32,36,39,41,44,45,45,45,45,45,45,45,45,45,45,45,45,45,45,45,45,45
PK05 กรมชลประทาน,30,28,24,18,15,18,22,26,29,32,36,39,41,43,45,45,45,45,45,45,45,45,45,45,45,45,45,45,45,45
PK06 แยกปากเกร็ด,34,30,26,22,18,15,18,23,27,29,34,36,39,41,43,45,45,45,45,45,45,45,45,45,45,45,45,45,45,45
PK07 เลี่ยงเมืองปากเกร็ด,37,34,29,25,22,18,15,19,24,26,30,32,36,38,40,43,45,45,45,45,45,45,45,45,45,45,45,45,45,45
PK08 แจ้งวัฒนะ-ปากเกร็ด 28,41,38,34,29,26,23,19,15,19,23,26,28,31,34,36,39,41,43,45,45,45,45,45,45,45,45,45,45,45,45
PK09 ศรีรัช,44,41,38,32,29,27,24,19,15,18,23,25,28,30,32,36,38,40,42,44,45,45,45,45,45,45,45,45,45,45
PK10 เมืองทองธานี,45,44,40,36,32,29,26,23,18,15,19,22,25,27,29,32,35,37,40,42,45,45,45,45,45,45,45,45,45,45
PK11 แจ้งวัฒนะ 14,45,45,44,39,36,34,30,26,23,19,15,18,21,23,26,28,30,33,37,39,42,44,45,45,45,45,45,45,45,45
PK12 ศูนย์ราชการเฉลิมพระเกียรติ,45,45,45,41,39,36,32,28,25,22,18,15,18,21,23,26,28,31,34,36,40,42,45,45,45,45,45,45,45,45
PK13 โทรคมนาคมแห่งชาติ,45,45,45,44,41,39,36,31,28,25,21,18,15,18,21,24,26,30,31,34,37,40,42,45,45,45,45,45,45,45
PK14 หลักสี่,45,45,45,45,43,41,38,34,30,27,23,21,18,15,18,21,23,28,31,34,37,37,40,43,45,45,45,45,45,45
PK15 ราชภัฏพระนคร,45,45,45,45,45,43,40,36,32,29,26,23,21,18,15,18,21,26,29,31,35,35,37,41,44,45,45,45,45,45
PK16 วัดพระศรีมหาธาตุ,45,45,45,45,45,45,43,39,36,32,28,26,24,21,18,15,17,23,26,28,31,32,36,39,43,45,45,45,45,45
PK17 รามอินทรา 3,45,45,45,45,45,45,45,41,38,35,30,28,26,23,21,17,15,21,24,26,29,27,30,34,38,42,45,45,45,45
PK18 ลาดปลาเค้า,45,45,45,45,45,45,45,43,40,37,33,31,30,28,26,23,21,15,18,21,25,24,27,30,35,39,42,44,45,45
PK19 รามอินทรา กม.4,45,45,45,45,45,45,45,45,42,40,37,34,31,31,29,26,24,18,15,17,22,22,25,28,32,37,38,41,42,45
PK20 มัยลาภ,45,45,45,45,45,45,45,45,44,42,39,36,34,34,31,28,26,21,17,15,19,18,22,25,29,34,36,38,39,42
PK21 วัชรพล,45,45,45,45,45,45,45,45,45,45,42,40,37,37,35,31,29,25,22,19,15,15,18,22,26,30,32,36,36,39
PK22 รามอินทรา กม.6,45,45,45,45,45,45,45,45,45,45,44,42,40,37,35,32,27,24,22,18,15,15,15,19,23,28,29,32,35,35
PK23 คู้บอน,45,45,45,45,45,45,45,45,45,45,45,45,42,40,37,36,30,27,25,22,18,15,15,15,19,24,25,28,32,30
PK24 รามอินทรา กม.9,45,45,45,45,45,45,45,45,45,45,45,45,45,43,41,39,34,30,28,25,22,19,15,15,15,21,21,24,27,25
PK25 วงแหวนรามอินทรา,45,45,45,45,45,45,45,45,45,45,45,45,45,45,44,43,38,35,32,29,26,23,19,15,15,15,18,21,23,23
PK26 นพรัตน์,45,45,45,45,45,45,45,45,45,45,45,45,45,45,45,45,42,39,37,34,30,28,24,21,15,15,15,19,19,18
PK27 บางชัน,45,45,45,45,45,45,45,45,45,45,45,45,45,45,45,45,45,42,38,36,32,29,25,21,18,15,15,15,15,15
PK28 เศรษฐบุตรบำเพ็ญ,45,45,45,45,45,45,45,45,45,45,45,45,45,45,45,45,45,44,41,38,36,32,28,24,21,19,15,15,15,15
PK29 ตลาดมีนบุรี,45,45,45,45,45,45,45,45,45,45,45,45,45,45,45,45,45,45,42,39,36,35,32,27,23,19,15,15,15,15
PK30 มีนบุรี,45,45,45,45,45,45,45,45,45,45,45,45,45,45,45,45,45,45,45,42,39,35,30,25,23,18,15,15,15,15
